0.000061 0.153581 0.161900 3.141589 0.000599 0.000300
0.000023 0.153581 0.161900 3.141589 0.001198 -0.000299
-0.000053 0.153581 0.161900 3.141588 0.001198 -0.001498
-0.000283 0.153581 0.161900 3.141583 0.001198 -0.005093
-0.000550 0.153581 0.161901 3.141573 0.001198 -0.009288
-0.001123 0.153618 0.161906 -3.141168 -0.001801 0.018274
-0.001772 0.153617 0.161916 -3.141096 -0.001803 0.028459
-0.002383 0.153617 0.161929 -3.140998 -0.001805 0.038045
-0.002993 0.153616 0.161946 -3.140871 -0.001806 0.047631
-0.003604 0.153615 0.161966 -3.140714 -0.001808 0.057216
-0.003909 0.153653 0.161978 -3.140244 -0.001820 0.062001
-0.004343 0.153615 0.161989 -3.140540 -0.001809 0.066201
-0.004214 0.153614 0.161990 -3.140528 -0.001810 0.066801
-0.004291 0.153614 0.161993 -3.140503 -0.001810 0.067999
-0.004214 0.153614 0.161990 -3.140528 -0.001810 0.066801
-0.004214 0.153611 0.161990 -3.140544 -0.003008 0.066801
-0.004443 0.153815 0.162000 -3.140086 -0.003022 0.070386
-0.004596 0.153808 0.162007 -3.140065 -0.005418 0.072782
-0.004825 0.153798 0.162018 -3.140023 -0.008414 0.076376
-0.004825 0.153798 0.162018 -3.140023 -0.008414 0.076376
-0.004863 0.153798 0.162020 -3.140010 -0.008414 0.076975
-0.004863 0.153555 0.162020 3.140503 0.008386 -0.076987
-0.004863 0.153555 0.162020 3.140503 0.008386 -0.076987
-0.004863 0.153593 0.162020 -3.140391 -0.008400 0.076986
-0.004863 0.153591 0.162020 -3.140399 -0.009000 0.076986
-0.004863 0.153792 0.162020 -3.140033 -0.010211 0.076975
-0.004863 0.153775 0.162020 -3.140095 -0.015602 0.076976
-0.004863 0.153556 0.162020 -3.140523 -0.020381 0.076989
-0.004862 0.153518 0.162020 3.140262 0.020365 -0.076979
-0.004863 0.153556 0.162020 -3.140523 -0.020381 0.076989
-0.004862 0.153518 0.162020 3.140262 0.020365 -0.076979
-0.004901 0.153555 0.162022 -3.140511 -0.020381 0.077588
-0.004863 0.153556 0.162020 -3.140523 -0.020381 0.076989
-0.004901 0.153555 0.162022 -3.140511 -0.020381 0.077588
-0.005015 0.153516 0.162027 3.140192 0.020365 -0.079374
-0.005396 0.153511 0.162047 3.140010 0.020363 -0.085363
-0.005816 0.153339 0.162071 3.139797 0.020362 -0.091958
-0.006221 0.153535 0.162106 3.139860 0.020382 -0.100948
-0.006983 0.153283 0.162158 3.138641 0.020332 -0.112896
-0.007896 0.153271 0.162228 3.138032 0.020326 -0.127260
-0.008681 0.153258 0.162310 3.137323 0.020317 -0.142219
-0.007897 0.153250 0.162348 3.136987 0.020310 -0.148200
-0.006870 0.153443 0.162384 3.137054 0.020935 -0.152997
-0.006799 0.153264 0.162468 3.136371 0.020928 -0.164967
-0.005675 0.153419 0.162533 3.135904 0.020919 -0.172133
-0.002772 0.153406 0.162568 3.135857 0.021507 -0.170930
0.000607 0.153357 0.162659 3.135392 0.025669 -0.172703
0.004543 0.153371 0.162766 3.135651 0.026898 -0.170923
0.008609 0.153261 0.162917 3.134754 0.032773 -0.169668
0.012686 0.153271 0.163130 3.134813 0.033400 -0.170877
0.016890 0.153214 0.163398 3.134232 0.036334 -0.172644
0.021765 0.153130 0.163696 3.133607 0.038585 -0.169006
0.026597 0.153110 0.164047 3.133603 0.041579 -0.166016
0.030816 0.153048 0.164414 3.133104 0.044483 -0.164791
0.036036 0.152921 0.164855 3.132200 0.049635 -0.158145
0.039802 0.152868 0.165280 3.131671 0.051324 -0.158716
0.044175 0.152744 0.165789 3.130578 0.057699 -0.157463
0.048466 0.152637 0.166349 3.129565 0.062278 -0.157411
0.051677 0.152512 0.166899 3.128125 0.066820 -0.163918
0.056402 0.152375 0.167576 3.126883 0.072503 -0.162057
0.059713 0.152313 0.168184 3.126083 0.072921 -0.166799
0.063613 0.152258 0.168850 3.125522 0.073338 -0.167367
0.066826 0.152211 0.169484 3.124904 0.073171 -0.170921
0.070387 0.152170 0.170156 3.124475 0.073009 -0.171495
0.073854 0.152135 0.170817 3.124147 0.072857 -0.170879
0.076828 0.152106 0.171405 3.123872 0.072724 -0.170267
0.079395 0.152076 0.171953 3.123551 0.072595 -0.170847
0.082865 0.152060 0.172578 3.123626 0.072484 -0.164876
0.084786 0.152029 0.173067 3.123197 0.072358 -0.167840
0.087485 0.152015 0.173592 3.123218 0.072263 -0.163659
0.090257 0.152005 0.174124 3.123312 0.072175 -0.158288
0.092388 0.152005 0.174569 3.123417 0.071525 -0.155308
0.093833 0.151986 0.174868 3.123309 0.072044 -0.152913
0.095863 0.151984 0.175226 3.123511 0.071987 -0.146355
0.097899 0.151981 0.175619 3.123645 0.071931 -0.140987
0.099938 0.151974 0.176048 3.123700 0.071865 -0.136811
0.100951 0.151956 0.176350 3.123475 0.071790 -0.138592
0.101689 0.151936 0.176623 3.123158 0.071710 -0.142159
0.101787 0.151917 0.176757 3.122817 0.071647 -0.146919
0.103139 0.151913 0.177034 3.122897 0.071601 -0.143341
0.102835 0.151900 0.177063 3.122606 0.071565 -0.148103
0.102844 0.151891 0.177120 3.122440 0.071537 -0.150483
0.102969 0.151881 0.177196 3.122276 0.071496 -0.152266
0.103048 0.151879 0.177218 3.122259 0.071486 -0.152265
0.102887 0.151881 0.177174 3.122276 0.071496 -0.152266
0.103086 0.151881 0.177214 3.122297 0.071491 -0.151670
0.103086 0.151881 0.177214 3.122297 0.071491 -0.151670
0.102887 0.151881 0.177174 3.122276 0.071496 -0.152266
0.102849 0.151879 0.177178 3.122239 0.071491 -0.152861
0.102849 0.151879 0.177178 3.122239 0.071491 -0.152861
0.102849 0.151879 0.177178 3.122239 0.071491 -0.152861
0.102887 0.151881 0.177174 3.122276 0.071496 -0.152266
0.102849 0.151879 0.177178 3.122239 0.071491 -0.152861
0.102887 0.151881 0.177174 3.122276 0.071496 -0.152266
0.102887 0.151881 0.177174 3.122276 0.071496 -0.152266
0.102887 0.151881 0.177174 3.122276 0.071496 -0.152266
0.102727 0.151883 0.177132 3.122294 0.071505 -0.152267
0.102727 0.151883 0.177132 3.122294 0.071505 -0.152267
0.102727 0.151883 0.177132 3.122294 0.071505 -0.152267
0.102765 0.151884 0.177128 3.122331 0.071509 -0.151671
0.102831 0.151910 0.177063 3.122701 0.070981 -0.148108
0.103599 0.151746 0.177050 3.123026 0.070293 -0.138586
0.104198 0.151377 0.176943 3.122997 0.070027 -0.126678
0.105339 0.151010 0.176859 3.123077 0.070375 -0.108814
0.106899 0.150889 0.176762 3.123940 0.069830 -0.084404
0.108844 0.150965 0.176676 3.124924 0.070646 -0.054018
0.111169 0.151080 0.176621 3.125976 0.070360 -0.017660
0.113535 0.151177 0.176622 3.126383 0.071215 0.019309
0.115822 0.151291 0.176675 3.126580 0.070902 0.055098
0.118033 0.151392 0.176777 3.126276 0.071147 0.089697
0.120164 0.151490 0.176922 3.125620 0.071375 0.123103
0.122367 0.151593 0.177120 3.124567 0.071602 0.157698
0.124452 0.151690 0.177352 3.123216 0.071810 0.190496
0.126258 0.151784 0.177570 3.121641 0.072006 0.221497
0.128256 0.151879 0.177875 3.119702 0.072191 0.253079
0.130323 0.151977 0.178235 3.117354 0.072376 0.285836
0.132234 0.152031 0.178607 3.114496 0.072436 0.316168
0.134099 0.152121 0.179008 3.111775 0.072595 0.345904
0.136005 0.152204 0.179460 3.108941 0.072734 0.373833
0.137632 0.152283 0.179872 3.106079 0.072864 0.399960
0.139107 0.152317 0.180270 3.102911 0.072893 0.423657
0.140083 0.152374 0.180551 3.100699 0.072396 0.442047
0.141180 0.152224 0.180877 3.098007 0.072404 0.459751
0.142091 0.152268 0.181158 3.095996 0.072474 0.474552
0.142711 0.152261 0.181355 3.094213 0.072448 0.484567
0.143379 0.152284 0.181562 3.093012 0.072482 0.492844
0.143778 0.152304 0.181694 3.092067 0.072513 0.499348
0.143979 0.152324 0.181772 3.091212 0.072546 0.505262
0.144377 0.152344 0.181906 3.090241 0.072576 0.511762
0.144701 0.152357 0.182017 3.089485 0.072007 0.517088
0.144918 0.152368 0.182092 3.088943 0.072023 0.520632
0.144918 0.152370 0.182092 3.088894 0.072617 0.520623
0.143664 0.152367 0.181737 3.089719 0.072628 0.515915
0.143162 0.152361 0.181590 3.090201 0.072625 0.512967
0.143126 0.152360 0.181578 3.090290 0.072622 0.512376
0.142909 0.152349 0.181505 3.090823 0.072606 0.508830
0.142351 0.152331 0.181329 3.091805 0.072582 0.502332
0.141574 0.152302 0.181083 3.093288 0.072541 0.492283
0.140110 0.152259 0.180642 3.095600 0.072482 0.476319
0.139346 0.152221 0.180405 3.097301 0.072423 0.463888
0.138630 0.152176 0.180182 3.099167 0.072347 0.449672
0.137493 0.152159 0.179853 3.101879 0.072335 0.431340
0.136206 0.152096 0.179497 3.104386 0.072232 0.410583
0.134803 0.152028 0.179130 3.106952 0.072117 0.388031
0.133322 0.152161 0.178766 3.109847 0.072081 0.364332
0.131723 0.151878 0.178401 3.111917 0.072441 0.338711
0.130119 0.152005 0.178061 3.114588 0.072394 0.313190
0.128546 0.151726 0.177755 3.116260 0.072148 0.288148
0.126969 0.151650 0.177474 3.118104 0.071997 0.263144
0.125500 0.151581 0.177236 3.119638 0.071853 0.239916
0.123840 0.151502 0.176994 3.121161 0.071685 0.213700
0.122099 0.151625 0.176770 3.122889 0.071627 0.186320
0.120005 0.151537 0.176516 3.124132 0.071434 0.155912
0.118143 0.151450 0.176347 3.125031 0.071235 0.126690
0.116440 0.151363 0.176256 3.125641 0.071021 0.097464
0.114611 0.151279 0.176159 3.125992 0.070813 0.068835
0.112856 0.151236 0.176097 3.126450 0.070762 0.041391
0.111103 0.151120 0.176067 3.125935 0.070400 0.013969
0.109425 0.151044 0.176067 3.125569 0.070194 -0.012264
0.107861 0.150974 0.176092 3.125032 0.069998 -0.036702
0.106336 0.151120 0.176139 3.124805 0.069400 -0.060532
0.104964 0.151048 0.176202 3.123895 0.069796 -0.081976
0.103517 0.151187 0.176289 3.123262 0.069784 -0.104603
0.102110 0.151125 0.176394 3.122136 0.069601 -0.126629
0.100702 0.151099 0.176518 3.121213 0.069602 -0.148676
0.099184 0.151046 0.176675 3.119784 0.068837 -0.172473
0.097669 0.150966 0.176855 3.117914 0.069196 -0.196242
0.095920 0.151317 0.177026 3.116760 0.068820 -0.221221
0.094256 0.151653 0.177243 3.115270 0.069020 -0.246184
0.092638 0.151601 0.177514 3.113002 0.069574 -0.271728
0.091100 0.151735 0.177797 3.110794 0.069580 -0.296051
0.089641 0.151471 0.178090 3.107828 0.069170 -0.319127
0.088186 0.151609 0.178403 3.105397 0.069187 -0.342226
0.086700 0.151545 0.178748 3.102365 0.068979 -0.365869
0.085291 0.151517 0.179095 3.099664 0.069008 -0.388364
0.083924 0.151492 0.179454 3.096884 0.069047 -0.410248
0.082527 0.151432 0.179842 3.093517 0.068847 -0.432640
0.081167 0.151690 0.180237 3.091608 0.069067 -0.454669
0.079841 0.152134 0.180640 3.091679 0.072131 -0.476518
0.078506 0.152650 0.181062 3.094077 0.076490 -0.498920
0.076944 0.152977 0.181488 3.095896 0.080201 -0.522530
0.075766 0.153290 0.182005 -3.091804 -0.081931 0.544379
0.074277 0.153312 0.182455 -3.087181 -0.082685 0.566099
0.073191 0.153499 0.182980 -3.082660 -0.083456 0.586582
0.071673 0.154062 0.183484 -3.075234 -0.086006 0.608384
0.070548 0.154388 0.183956 -3.071110 -0.086572 0.627041
0.069604 0.155283 0.184367 -3.066767 -0.087645 0.642538
0.069207 0.155639 0.184657 -3.064302 -0.088201 0.651761
0.068593 0.156006 0.184819 -3.062116 -0.088744 0.659208
0.068154 0.155990 0.184903 -3.061169 -0.088761 0.663893
0.067728 0.155792 0.184867 -3.061116 -0.088499 0.665730
0.067245 0.155799 0.184742 -3.061053 -0.088484 0.665717
0.067084 0.155997 0.184701 -3.060695 -0.088736 0.665624
0.067049 0.155799 0.184716 -3.060916 -0.088481 0.666298
0.067245 0.155995 0.184743 -3.060716 -0.088742 0.665629
0.067245 0.155995 0.184743 -3.060716 -0.088742 0.665629
0.067049 0.155995 0.184717 -3.060578 -0.088739 0.666210
0.067245 0.155995 0.184743 -3.060716 -0.088742 0.665629
0.067245 0.155995 0.184743 -3.060716 -0.088742 0.665629
0.067049 0.155995 0.184717 -3.060578 -0.088739 0.666210
0.067245 0.155799 0.184742 -3.061053 -0.088484 0.665717
0.067118 0.156023 0.184685 -3.060659 -0.088195 0.664999
0.067189 0.155802 0.184652 -3.061572 -0.087673 0.663975
0.067696 0.155851 0.184537 -3.062407 -0.087911 0.658056
0.068359 0.156058 0.184242 -3.064579 -0.087857 0.646885
0.069277 0.156108 0.183897 -3.067278 -0.087792 0.632802
0.070295 0.156171 0.183465 -3.070430 -0.087708 0.615766
0.071388 0.156041 0.183015 -3.074037 -0.087370 0.597618
0.072628 0.156314 0.182524 -3.077251 -0.087508 0.576936
0.074054 0.156378 0.181982 -3.081289 -0.087927 0.553398
0.075596 0.156274 0.181423 -3.085622 -0.087552 0.528105
0.077219 0.156371 0.180867 -3.089571 -0.087403 0.501525
0.078814 0.156466 0.180350 -3.093213 -0.087251 0.475508
0.080419 0.156562 0.179859 -3.096636 -0.087092 0.449465
0.081994 0.156655 0.179406 -3.099771 -0.086932 0.423992
0.083429 0.156739 0.179018 -3.102434 -0.086781 0.400869
0.084759 0.156817 0.178678 -3.104739 -0.086638 0.379511
0.086205 0.157101 0.178333 -3.106713 -0.086681 0.356304
0.087693 0.156987 0.177998 -3.109285 -0.086310 0.332599
0.089223 0.157075 0.177679 -3.111367 -0.086132 0.308232
0.090721 0.157160 0.177392 -3.113215 -0.085953 0.284447
0.092185 0.157244 0.177134 -3.114842 -0.085774 0.261247
0.093389 0.157297 0.176938 -3.116158 -0.086191 0.242219
0.094596 0.157365 0.176757 -3.117247 -0.086038 0.223171
0.095729 0.157429 0.176601 -3.118162 -0.085893 0.205310
0.096826 0.157491 0.176463 -3.118951 -0.085749 0.188041
0.097811 0.157546 0.176349 -3.119577 -0.085618 0.172557
0.098720 0.157584 0.176252 -3.120186 -0.086067 0.158273
0.099403 0.157622 0.176185 -3.120525 -0.085974 0.147550
0.099973 0.157654 0.176133 -3.120779 -0.085896 0.138615
0.100197 0.157673 0.176086 -3.120884 -0.085848 0.133848
0.100391 0.157677 0.176097 -3.120949 -0.085839 0.132062
0.100391 0.157677 0.176097 -3.120949 -0.085839 0.132062
0.100353 0.157688 0.176100 -3.120839 -0.085271 0.132648
0.100036 0.157675 0.176045 -3.120864 -0.085837 0.133848
0.100036 0.157688 0.176045 -3.120768 -0.085264 0.133838
0.099998 0.157698 0.176048 -3.120657 -0.084697 0.134423
0.099325 0.157707 0.175941 -3.120421 -0.084119 0.137389
0.098766 0.157722 0.175824 -3.120232 -0.083525 0.138567
0.098644 0.157751 0.175780 -3.120037 -0.082363 0.137951
0.098647 0.157677 0.175780 -3.119441 -0.076476 0.137879
0.098611 0.158115 0.175789 -3.117049 -0.069538 0.138303
0.098644 0.158434 0.175793 -3.114067 -0.065953 0.137587
0.098649 0.159681 0.175828 -3.101746 -0.063496 0.136618
0.098905 0.161628 0.175974 -3.082636 -0.056229 0.135174
0.098754 0.163948 0.176113 -3.059710 -0.048267 0.135004
0.098809 0.166232 0.176311 -3.037257 -0.038423 0.133244
0.098713 0.168029 0.176481 -3.017816 -0.032086 0.131524
0.098817 0.170298 0.176749 -2.996973 -0.024733 0.129387
0.098882 0.172246 0.177040 -2.977472 -0.020474 0.127856
0.099083 0.174087 0.177340 -2.959211 -0.012118 0.124816
0.099313 0.175955 0.177711 -2.938932 -0.001889 0.121679
0.099488 0.177976 0.178093 -2.920195 0.002498 0.118997
0.099711 0.179705 0.178516 -2.901051 0.010620 0.116195
0.099956 0.181634 0.178987 -2.881390 0.015566 0.112858
0.100328 0.183864 0.179577 -2.858569 0.022495 0.108046
0.100677 0.185995 0.180195 -2.836575 0.030676 0.104005
0.101083 0.188222 0.180894 -2.813394 0.037104 0.099111
0.101595 0.190694 0.181677 -2.789188 0.046315 0.093425
0.102079 0.192750 0.182428 -2.767360 0.053634 0.088054
0.102546 0.194575 0.183207 -2.746008 0.058793 0.082730
0.102966 0.196316 0.183859 -2.728931 0.065761 0.078532
0.103349 0.197988 0.184590 -2.710657 0.069295 0.074312
0.103346 0.199362 0.185138 -2.695491 0.073443 0.071134
0.101679 0.200924 0.185521 -2.678005 0.079824 0.075101
0.098440 0.202058 0.185481 -2.663301 0.084644 0.081456
0.097120 0.203255 0.185755 -2.649729 0.088384 0.080993
0.096450 0.204803 0.186264 -2.633926 0.094261 0.078905
0.096987 0.205639 0.186850 -2.622416 0.096266 0.074675
0.096966 0.206428 0.187165 -2.615222 0.096842 0.073178
0.096963 0.206397 0.187147 -2.615577 0.097006 0.073248
0.096992 0.206270 0.187168 -2.615120 0.097294 0.072943
0.097226 0.206854 0.187501 -2.608313 0.099466 0.070578
0.097397 0.207440 0.187744 -2.603349 0.103322 0.069467
0.097535 0.207933 0.188035 -2.597572 0.104222 0.068077
0.097570 0.207900 0.188014 -2.597949 0.104525 0.067653
0.097534 0.207674 0.187978 -2.598645 0.104687 0.068175
0.097643 0.207865 0.187990 -2.598348 0.104965 0.066734
0.097586 0.207858 0.187988 -2.598439 0.104350 0.067357
0.097263 0.207868 0.188005 -2.598370 0.102771 0.071447
0.097149 0.207875 0.188013 -2.598300 0.102358 0.072933
0.096840 0.208090 0.188056 -2.597744 0.101119 0.076939
0.096781 0.208625 0.188083 -2.597332 0.100904 0.077708
0.096793 0.208781 0.188078 -2.597459 0.100594 0.077455
0.096791 0.208834 0.188011 -2.598747 0.101765 0.077733
0.096707 0.208440 0.187681 -2.605210 0.104308 0.079280
0.096383 0.207020 0.186869 -2.621554 0.106678 0.083626
0.095978 0.205570 0.186076 -2.638137 0.106459 0.088440
0.095550 0.203969 0.185237 -2.656264 0.106395 0.093565
0.095173 0.202144 0.184321 -2.676706 0.107058 0.098098
0.095000 0.201157 0.183765 -2.689428 0.111499 0.100966
0.094655 0.199781 0.183056 -2.706404 0.113031 0.105382
0.094255 0.197973 0.182337 -2.724366 0.112190 0.110079
0.094039 0.196470 0.181633 -2.742566 0.108739 0.111647
0.093989 0.194643 0.180889 -2.762309 0.107795 0.111376
0.093933 0.192586 0.180101 -2.784433 0.102399 0.110330
0.094178 0.190958 0.179438 -2.803654 0.096999 0.105177
0.094180 0.189002 0.178674 -2.826164 0.092266 0.101310
0.094716 0.187259 0.178042 -2.848039 0.088619 0.094668
0.095104 0.185279 0.177401 -2.870516 0.083909 0.087708
0.095442 0.182981 0.176776 -2.894450 0.073678 0.080863
0.095818 0.180964 0.176272 -2.915329 0.065696 0.073965
0.095996 0.178460 0.175722 -2.941045 0.053955 0.069684
0.095792 0.175896 0.175200 -2.967143 0.044677 0.069212
0.095702 0.173281 0.174780 -2.993587 0.032714 0.069530
0.095202 0.170844 0.174380 -3.018085 0.026246 0.071836
0.092766 0.168264 0.173712 -3.043730 0.016682 0.081521
0.090301 0.165666 0.173078 -3.069506 0.010596 0.089663
0.087460 0.163039 0.172453 -3.095323 -0.001213 0.098762
0.086822 0.160626 0.172183 -3.121030 -0.008684 0.096764
0.087539 0.158537 0.172171 3.136954 0.018340 -0.088636
0.087667 0.156045 0.172153 3.113901 0.027590 -0.083822
0.088010 0.154162 0.172204 3.095222 0.034253 -0.078445
0.088167 0.152284 0.172312 3.074830 0.043192 -0.076195
0.088311 0.149659 0.172497 3.050211 0.053321 -0.074475
0.088516 0.147722 0.172683 3.030728 0.065357 -0.072144
0.088709 0.145746 0.172914 3.010776 0.075231 -0.070153
0.089046 0.143642 0.173225 2.987692 0.089055 -0.066623
0.089368 0.141169 0.173595 2.964189 0.096607 -0.063176
0.089800 0.138793 0.174033 2.939716 0.108889 -0.058840
0.090144 0.136778 0.174454 2.918941 0.114331 -0.055263
0.090543 0.134951 0.174915 2.898210 0.121416 -0.051233
0.090889 0.133439 0.175338 2.880681 0.126253 -0.047728
0.091183 0.131854 0.175766 2.863972 0.132383 -0.045232
0.091424 0.130579 0.176234 2.846979 0.137544 -0.043505
0.091622 0.129479 0.176624 2.833458 0.142933 -0.042325
0.091859 0.128832 0.176996 2.821284 0.144460 -0.039957
0.090879 0.127563 0.177151 2.809499 0.148326 -0.041496
0.089497 0.125957 0.177437 2.792294 0.153079 -0.044730
0.087669 0.124815 0.177517 2.779893 0.159442 -0.049677
0.085781 0.123623 0.177603 2.766864 0.165861 -0.053277
0.085219 0.122774 0.177803 2.757632 0.167339 -0.053026
0.084741 0.122138 0.177925 2.750363 0.174090 -0.052426
0.084884 0.121408 0.178224 2.742510 0.172410 -0.050742
0.085214 0.120743 0.178535 2.735093 0.174943 -0.049508
0.085358 0.120696 0.178554 2.734322 0.178576 -0.048244
0.085348 0.120476 0.178574 2.733701 0.179348 -0.048603
0.085252 0.120655 0.178572 2.733869 0.179657 -0.050011
0.085078 0.120292 0.178656 2.731647 0.182383 -0.053242
0.084858 0.119953 0.178805 2.727938 0.184232 -0.057107
0.084853 0.119986 0.178790 2.728294 0.184387 -0.057177
0.084885 0.120024 0.178773 2.728680 0.184652 -0.056727
0.084923 0.120029 0.178771 2.728709 0.184761 -0.056207
0.084867 0.119831 0.178783 2.728431 0.184020 -0.056884
0.084717 0.119913 0.178750 2.729569 0.180551 -0.058221
0.084442 0.120050 0.178696 2.731636 0.171504 -0.060142
0.083931 0.120616 0.178393 2.740261 0.160784 -0.064600
0.083618 0.121684 0.178067 2.750401 0.154660 -0.069438
0.083275 0.122913 0.177585 2.763786 0.152605 -0.072982
0.082705 0.124141 0.177092 2.777156 0.148926 -0.077218
0.082203 0.125632 0.176561 2.793321 0.142836 -0.082308
0.081771 0.127131 0.176053 2.809411 0.137275 -0.086635
0.081252 0.129008 0.175455 2.829406 0.129877 -0.091865
0.080697 0.131120 0.174833 2.851753 0.118836 -0.097207
0.080139 0.133351 0.174232 2.875049 0.110160 -0.103214
0.079631 0.135636 0.173673 2.898703 0.099794 -0.108582
0.079263 0.137627 0.173189 2.920830 0.095017 -0.112889
0.078953 0.139652 0.172781 2.941507 0.087814 -0.116293
0.078671 0.141538 0.172440 2.960647 0.082167 -0.119653
0.078456 0.143720 0.172085 2.982722 0.075917 -0.122113
0.078192 0.145648 0.171818 3.002107 0.070737 -0.125596
0.078003 0.147350 0.171590 3.020855 0.067050 -0.128188
0.077837 0.148782 0.171403 3.038514 0.062861 -0.130532
0.077683 0.150198 0.171234 3.057641 0.059216 -0.132859
0.077561 0.151996 0.171113 3.075583 0.055619 -0.134773
0.077456 0.153798 0.171022 3.093533 0.051973 -0.136520
0.077359 0.155652 0.170962 3.111927 0.043530 -0.138206
0.077244 0.156395 0.170955 3.119167 0.035402 -0.140060
0.077222 0.156940 0.170947 3.124492 0.029544 -0.140508
0.077206 0.157591 0.170941 3.130966 0.028462 -0.140949
0.077205 0.157602 0.170941 3.131064 0.027883 -0.140961
0.077198 0.157903 0.170943 3.132309 0.022817 -0.141080
0.077193 0.157965 0.170943 3.132807 0.017455 -0.141167
0.077181 0.158163 0.170943 3.134516 0.007018 -0.141384
0.077127 0.158493 0.170947 3.137260 -0.010402 -0.142341
0.077115 0.158812 0.170948 -3.136624 0.027241 0.142538
0.077104 0.159285 0.170951 -3.132292 0.052143 0.142675
0.077100 0.159736 0.170956 -3.127979 0.075826 0.142796
0.077104 0.160220 0.170963 -3.123152 0.101172 0.142917
0.077154 0.160509 0.170965 -3.118411 0.127183 0.142427
0.077172 0.160959 0.170974 -3.113538 0.150669 0.142517
0.077202 0.161475 0.170986 -3.107737 0.177512 0.142609
0.077242 0.162012 0.171000 -3.101445 0.205404 0.142693
0.077292 0.162548 0.171016 -3.094906 0.233198 0.142765
0.077344 0.162822 0.171029 -3.089114 0.260110 0.142855
0.077253 0.163381 0.171017 -3.081723 0.289433 0.142907
0.076293 0.163323 0.170885 -3.075347 0.318095 0.146332
0.076192 0.162916 0.170810 -3.070770 0.342464 0.143803
0.075931 0.162279 0.170699 -3.066643 0.366458 0.141186
0.073985 0.161379 0.170408 -3.064132 0.384475 0.146666
0.072283 0.159667 0.170141 -3.062847 0.403769 0.150678
0.070914 0.158009 0.169939 -3.063501 0.414466 0.154160
0.070205 0.156086 0.169769 -3.064833 0.426004 0.152292
0.070605 0.155146 0.169690 -3.063780 0.441910 0.143758
0.071229 0.154497 0.169645 -3.060598 0.463180 0.134633
0.071929 0.153408 0.169598 -3.058355 0.482997 0.124092
0.072442 0.152344 0.169572 -3.055976 0.501589 0.116437
0.072801 0.150886 0.169563 -3.054036 0.521194 0.111002
0.072658 0.149358 0.169547 -3.053762 0.536046 0.110464
0.072418 0.147991 0.169537 -3.053572 0.551052 0.111384
0.072282 0.147414 0.169525 -3.049912 0.568067 0.111465
0.071101 0.146300 0.169395 -3.053081 0.579174 0.116043
0.070829 0.145317 0.169336 -3.055551 0.583080 0.114382
0.069504 0.144541 0.169157 -3.056089 0.587913 0.116870
0.068191 0.143270 0.168986 -3.058925 0.588708 0.118648
0.067014 0.142849 0.168836 -3.059979 0.589229 0.121389
0.067189 0.142769 0.168821 -3.060630 0.588775 0.118494
0.067344 0.142747 0.168809 -3.060665 0.588663 0.116045
0.067172 0.142715 0.168780 -3.061182 0.587592 0.116069
0.067340 0.142596 0.168804 -3.063580 0.580343 0.115605
0.067307 0.142691 0.168798 -3.065067 0.575893 0.115897
0.067172 0.142468 0.168800 -3.070294 0.558384 0.117227
0.067108 0.142078 0.168793 -3.077441 0.537901 0.117095
0.067056 0.141684 0.168787 -3.085177 0.512478 0.116797
0.067009 0.141301 0.168782 -3.092184 0.489964 0.116560
0.066874 0.140849 0.168783 -3.100208 0.464134 0.117642
0.066807 0.140473 0.168783 -3.107085 0.438997 0.117913
0.066725 0.140016 0.168785 3.109495 -0.412877 -0.118180
0.066618 0.139544 0.168791 3.109546 -0.380343 -0.118819
0.066439 0.139050 0.168804 3.108904 -0.347952 -0.120696
0.066153 0.138535 0.168830 3.107854 -0.313293 -0.124346
0.065992 0.138160 0.168843 3.106889 -0.274388 -0.126231
0.065955 0.137520 0.168856 3.104872 -0.233285 -0.126259
0.065933 0.137034 0.168868 3.102465 -0.189260 -0.126332
0.065792 0.136848 0.168842 3.102491 -0.145032 -0.126301
0.065005 0.137740 0.168714 3.107683 -0.097847 -0.129428
0.064913 0.138742 0.168653 3.113284 -0.055081 -0.129257
0.064918 0.139973 0.168620 3.115539 -0.011927 -0.129863
0.064924 0.141259 0.168590 3.114403 0.029077 -0.130322
0.064935 0.142906 0.168556 3.114675 0.070139 -0.130784
0.064779 0.144521 0.168498 3.119070 0.111741 -0.131161
0.064708 0.146269 0.168477 3.127580 0.153433 -0.132369
0.064538 0.147776 0.168475 -3.132139 -0.194980 0.134849
0.064363 0.149576 0.168479 -3.120328 -0.232209 0.136275
0.064249 0.151760 0.168476 -3.114304 -0.268885 0.137523
0.064240 0.152762 0.168471 -3.113241 -0.304806 0.138034
0.064073 0.153799 0.168442 -3.111325 -0.341399 0.138464
0.064048 0.154605 0.168448 -3.109478 -0.378523 0.139466
0.063904 0.155915 0.168427 -3.106304 -0.411058 0.139450
0.063327 0.157256 0.168366 -3.102668 -0.441199 0.141029
0.063451 0.158514 0.168329 -3.099065 -0.469411 0.136632
0.063510 0.159527 0.168301 -3.095554 -0.499314 0.133474
0.063742 0.159733 0.168293 -3.093376 -0.528384 0.130685
0.063838 0.159893 0.168299 3.087050 0.556779 -0.130055
0.063903 0.160061 0.168309 3.079387 0.583710 -0.129905
0.063969 0.160674 0.168325 3.072937 0.608696 -0.129507
0.064029 0.161751 0.168348 3.068135 0.630661 -0.128838
0.064087 0.163264 0.168381 3.064446 0.651309 -0.127889
0.064149 0.164513 0.168407 3.062401 0.666210 -0.126660
0.064301 0.165540 0.168425 3.059423 0.681855 -0.124205
0.064573 0.166149 0.168428 3.054564 0.701019 -0.120197
0.064321 0.165959 0.168372 3.049036 0.717879 -0.119714
0.063572 0.165827 0.168234 3.044484 0.732448 -0.119115
0.063906 0.165868 0.168210 3.042689 0.739811 -0.113895
0.062500 0.166036 0.168046 3.042619 0.742377 -0.117846
0.062161 0.166478 0.168002 3.043629 0.742868 -0.117607
0.060895 0.167020 0.167882 3.044469 0.743358 -0.121734
0.060775 0.167632 0.167868 3.045428 0.743822 -0.120632
0.059744 0.167794 0.167760 3.045863 0.743361 -0.123857
0.059774 0.168227 0.167768 3.046850 0.743226 -0.123031
0.059518 0.168289 0.167748 3.048716 0.738258 -0.124231
0.059659 0.168378 0.167774 3.051082 0.731585 -0.124274
0.059666 0.168705 0.167777 3.054050 0.725164 -0.123622
0.059611 0.168731 0.167771 -3.056364 -0.709916 0.123736
0.059561 0.169148 0.167778 -3.057357 -0.695815 0.123539
0.059498 0.169433 0.167779 -3.059080 -0.676977 0.123470
0.059430 0.169763 0.167781 -3.060929 -0.655202 0.123385
0.059319 0.169948 0.167782 -3.063398 -0.628707 0.123993
0.059287 0.170349 0.167783 -3.065085 -0.603398 0.123286
0.059186 0.170758 0.167792 -3.066793 -0.575788 0.123734
0.059128 0.170980 0.167793 -3.068584 -0.548128 0.123701
0.059086 0.171009 0.167788 -3.071007 -0.517439 0.123661
0.059160 0.170689 0.167801 -3.073280 -0.486223 0.124543
0.058993 0.169872 0.167784 -3.076735 -0.454785 0.127179
0.058823 0.169449 0.167782 -3.078682 -0.427036 0.129656
0.058731 0.168922 0.167771 -3.080680 -0.394501 0.130938
0.058721 0.168851 0.167768 -3.081510 -0.360327 0.130780
0.058761 0.168566 0.167756 -3.082366 -0.327257 0.130069
0.058780 0.168651 0.167759 -3.082500 -0.293719 0.129700
0.058801 0.168735 0.167764 -3.082003 -0.262632 0.129370
0.058633 0.168542 0.167739 -3.082037 -0.233719 0.129661
0.058675 0.168773 0.167748 -3.081032 -0.203860 0.129210
0.058940 0.168724 0.167763 -3.084351 -0.172921 0.128528
0.058825 0.169040 0.167748 -3.083351 -0.145870 0.128118
0.058867 0.169443 0.167765 -3.081130 -0.120344 0.127758
0.058958 0.169459 0.167768 -3.079353 -0.093482 0.126845
0.058964 0.168520 0.167749 -3.079754 -0.074944 0.127320
0.059247 0.166309 0.167715 -3.082750 -0.059216 0.126186
0.059033 0.164651 0.167662 -3.084733 -0.049683 0.127384
0.059080 0.163255 0.167633 -3.087182 -0.047176 0.126908
0.059094 0.162515 0.167621 -3.088152 -0.042110 0.126886
0.059102 0.162357 0.167620 -3.088191 -0.039106 0.126839
0.059315 0.162420 0.167644 -3.087745 -0.035069 0.126155
0.059279 0.162225 0.167644 -3.088031 -0.034396 0.126749
0.059122 0.162225 0.167618 -3.088124 -0.031938 0.126706
0.059351 0.162379 0.167646 -3.086966 -0.022118 0.125885
0.059139 0.162570 0.167635 -3.085327 -0.012405 0.126813
0.059358 0.162660 0.167661 -3.084622 -0.006644 0.126086
0.059201 0.162697 0.167636 -3.084325 -0.004302 0.126030
0.059211 0.162511 0.167633 -3.084628 -0.000609 0.125977
0.059375 0.162714 0.167662 -3.084254 -0.000754 0.125964
0.059337 0.162751 0.167667 -3.083856 -0.000887 0.126534
0.059135 0.162714 0.167643 -3.084206 -0.000754 0.127141
0.059173 0.162751 0.167642 -3.083856 -0.000854 0.126534
0.059172 0.162954 0.167645 -3.083482 -0.000967 0.126522
0.059134 0.162954 0.167648 -3.083458 -0.000984 0.127110
0.059172 0.162954 0.167645 -3.083482 -0.000967 0.126522
0.059210 0.162954 0.167642 -3.083506 -0.000951 0.125934
0.059172 0.162954 0.167645 -3.083482 -0.000967 0.126522
0.059172 0.162954 0.167645 -3.083482 -0.000967 0.126522
0.059172 0.162954 0.167645 -3.083482 -0.000967 0.126522
0.059172 0.162954 0.167645 -3.083482 -0.000967 0.126522
0.059172 0.162954 0.167645 -3.083482 -0.000967 0.126522
0.059172 0.162954 0.167645 -3.083482 -0.000967 0.126522
0.059172 0.162954 0.167645 -3.083482 -0.000967 0.126522
0.059135 0.162751 0.167645 -3.083832 -0.000870 0.127123
0.058910 0.162768 0.167665 -3.083535 0.000186 0.130624
0.058466 0.162795 0.167705 -3.083066 0.004147 0.137601
0.057689 0.162911 0.167784 -3.081535 0.010716 0.149774
0.056661 0.163141 0.167903 -3.078722 0.021049 0.165910
0.055294 0.163558 0.168076 -3.075367 0.031180 0.187307
0.053708 0.163403 0.168281 -3.073805 0.031708 0.211909
0.051973 0.163442 0.168539 -3.071565 0.031461 0.238838
0.050052 0.163472 0.168860 -3.068910 0.030549 0.268689
0.047988 0.163501 0.169247 -3.065728 0.029563 0.300849
0.045858 0.163528 0.169694 -3.062082 0.028537 0.334141
0.043553 0.163554 0.170233 -3.057714 0.027419 0.370303
0.041300 0.163592 0.170816 -3.052895 0.026876 0.405803
0.039145 0.163709 0.171433 -3.047262 0.029164 0.439940
0.036727 0.163799 0.172106 -3.041169 0.030288 0.475795
0.034655 0.163892 0.172884 -3.034615 0.031316 0.511560
0.032230 0.163931 0.173675 -3.027904 0.030718 0.547914
0.030129 0.163948 0.174489 -3.021341 0.029600 0.581914
0.028036 0.163960 0.175307 -3.014653 0.028549 0.614689
0.025948 0.163970 0.176124 -3.007867 0.027538 0.646244
0.024183 0.163997 0.176942 -3.001141 0.027107 0.675394
0.022301 0.164002 0.177751 -2.994416 0.026185 0.703950
0.020340 0.164003 0.178531 -2.987716 0.025339 0.731303
0.018779 0.164026 0.179192 -2.981941 0.025169 0.753433
0.017433 0.164072 0.179760 -2.976762 0.025678 0.772067
0.016116 0.164190 0.180395 -2.970697 0.027714 0.791640
0.014936 0.164262 0.181089 -2.964623 0.028605 0.811831
0.013829 0.164655 0.181787 -2.956550 0.036418 0.830696
0.012904 0.165132 0.182401 -2.948630 0.045858 0.846491
0.012106 0.165215 0.182914 -2.943952 0.046900 0.860330
0.011855 0.165245 0.183208 -2.941570 0.047100 0.867545
0.011392 0.165646 0.183401 -2.938244 0.050882 0.872588
0.011076 0.165675 0.183610 -2.936355 0.051183 0.878114
0.010821 0.165678 0.183779 -2.934965 0.051004 0.882580
0.010821 0.165678 0.183779 -2.934965 0.051004 0.882580
0.010821 0.165678 0.183779 -2.934965 0.051004 0.882580
0.010428 0.165678 0.183771 -2.934640 0.051049 0.883703
0.009872 0.165678 0.183738 -2.934325 0.051138 0.884829
0.009935 0.165677 0.183696 -2.934674 0.051183 0.883713
0.009884 0.165677 0.183662 -2.934847 0.051210 0.883154
0.009887 0.165702 0.183663 -2.934685 0.051736 0.883094
0.009930 0.165804 0.183645 -2.934209 0.053860 0.882296
0.010033 0.165882 0.183585 -2.934087 0.054721 0.880387
0.010290 0.165875 0.183415 -2.935634 0.055686 0.875979
0.011062 0.165866 0.183045 -2.938896 0.056073 0.865366
0.011607 0.165883 0.182569 -2.942331 0.056366 0.852957
0.012773 0.165838 0.181964 -2.947832 0.057277 0.835709
0.014046 0.165815 0.181191 -2.954221 0.058159 0.813827
0.015493 0.165763 0.180342 -2.961394 0.058618 0.789136
0.017020 0.165708 0.179479 -2.968665 0.059113 0.763253
0.018601 0.165704 0.178629 -2.975374 0.059927 0.736586
0.020227 0.165636 0.177785 -2.982659 0.061223 0.709493
0.021804 0.165618 0.177008 -2.988948 0.062780 0.683326
0.023461 0.165574 0.176225 -2.995427 0.063836 0.656009
0.025236 0.165525 0.175427 -3.002044 0.064953 0.626919
0.027168 0.165468 0.174605 -3.008870 0.066152 0.595474
0.029081 0.165409 0.173837 -3.015259 0.067322 0.564530
0.031045 0.165345 0.173096 -3.021447 0.068506 0.532943
0.032913 0.165263 0.172432 -3.027128 0.069066 0.503051
0.034726 0.165217 0.171831 -3.032066 0.070685 0.474192
0.036438 0.165154 0.171296 -3.036584 0.071680 0.447049
0.038157 0.165073 0.170791 -3.040983 0.072111 0.419891
0.039887 0.165006 0.170318 -3.045023 0.073094 0.392665
0.041625 0.164936 0.169877 -3.048824 0.074072 0.365400
0.043370 0.164864 0.169466 -3.052386 0.075044 0.338099
0.045011 0.164794 0.169110 -3.055504 0.075949 0.312510
0.046698 0.164531 0.168770 -3.058738 0.077584 0.286305
0.048462 0.164451 0.168450 -3.061611 0.078536 0.258910
0.050191 0.164562 0.168172 -3.063922 0.078754 0.232080
0.051927 0.164481 0.167920 -3.066268 0.079678 0.205217
0.053630 0.164195 0.167699 -3.068710 0.080705 0.178919
0.055225 0.164126 0.167523 -3.070354 0.082106 0.154334
0.056664 0.164248 0.167389 -3.071478 0.082159 0.132110
0.057919 0.163980 0.167283 -3.072941 0.082924 0.112781
0.058868 0.164126 0.167220 -3.073401 0.082720 0.098155
0.059515 0.164093 0.167179 -3.073869 0.083051 0.088194