0.229806 -0.417931 0.273318 -2.230053 -0.516325 0.299145
0.229964 -0.418085 0.273206 -2.229493 -0.514577 0.305843
0.229698 -0.418144 0.272848 -2.231624 -0.517513 0.304812
0.229467 -0.418039 0.272556 -2.234198 -0.520791 0.304450
0.229289 -0.417942 0.272070 -2.237718 -0.523481 0.305684
0.228981 -0.417900 0.271423 -2.241094 -0.525642 0.305041
0.228668 -0.417333 0.270644 -2.246876 -0.528331 0.305390
0.228103 -0.416775 0.269648 -2.251919 -0.530375 0.306521
0.227875 -0.416182 0.268548 -2.257654 -0.532302 0.307274
0.227765 -0.415526 0.267301 -2.264791 -0.535703 0.308881
0.227752 -0.414619 0.266351 -2.270949 -0.536052 0.308180
0.228011 -0.414174 0.265799 -2.274670 -0.535965 0.310582
0.227693 -0.413928 0.265548 -2.276814 -0.537677 0.306770
0.227460 -0.413835 0.265506 -2.276681 -0.539084 0.307175
0.226742 -0.413852 0.265601 -2.276371 -0.541386 0.306679
0.226168 -0.414322 0.265701 -2.275028 -0.543780 0.302899
0.225995 -0.414563 0.265539 -2.274550 -0.545201 0.306193
0.225416 -0.414652 0.265327 -2.276408 -0.547578 0.303955
0.225206 -0.414468 0.264974 -2.278744 -0.549722 0.305657
0.224798 -0.414485 0.264727 -2.279150 -0.553106 0.305957
0.224619 -0.414404 0.264830 -2.278950 -0.553508 0.304459
0.224420 -0.413943 0.265104 -2.278546 -0.552372 0.303714
0.224610 -0.413510 0.265389 -2.278226 -0.551102 0.302380
0.224688 -0.413577 0.265600 -2.276193 -0.550769 0.302412
0.224450 -0.413603 0.265495 -2.277062 -0.552693 0.301909
0.224309 -0.413894 0.265309 -2.277587 -0.554803 0.303553
0.224145 -0.414139 0.265273 -2.277710 -0.556642 0.303342
0.224107 -0.414404 0.265193 -2.277449 -0.557085 0.304840
0.223761 -0.414680 0.265098 -2.276279 -0.560656 0.303480
0.223669 -0.414756 0.265012 -2.276132 -0.562235 0.302981
0.223913 -0.414714 0.264871 -2.276766 -0.560132 0.304811
0.224079 -0.414541 0.264726 -2.277651 -0.560197 0.302326
0.224660 -0.414279 0.264598 -2.278868 -0.558771 0.303547
0.224687 -0.413881 0.264752 -2.278801 -0.559570 0.302785
0.224442 -0.413561 0.265020 -2.276713 -0.561910 0.301913
0.224097 -0.413203 0.265205 -2.275922 -0.562657 0.301140
0.223662 -0.412576 0.265240 -2.276327 -0.561892 0.301714
0.223148 -0.411839 0.265171 -2.277804 -0.562644 0.302573
0.222510 -0.410795 0.265024 -2.280503 -0.563153 0.301601
0.221677 -0.409234 0.264979 -2.281293 -0.561050 0.303118
0.220751 -0.407584 0.264959 -2.285242 -0.559347 0.304062
0.219704 -0.405900 0.265077 -2.288434 -0.557926 0.306706
0.218185 -0.404319 0.265288 -2.288391 -0.561067 0.307476
0.216935 -0.402710 0.265671 -2.287979 -0.560423 0.308877
0.215432 -0.400650 0.266484 -2.287227 -0.560477 0.310238
0.213842 -0.398577 0.267240 -2.286906 -0.562014 0.310864
0.211999 -0.396385 0.268117 -2.283823 -0.563993 0.311364
0.209497 -0.393060 0.269182 -2.282320 -0.559380 0.313811
0.207416 -0.390582 0.269856 -2.281685 -0.560447 0.313844
0.205025 -0.387280 0.270677 -2.284029 -0.560134 0.313810
0.202300 -0.383460 0.271866 -2.280783 -0.563914 0.316337
0.200022 -0.379904 0.272886 -2.280642 -0.564892 0.318443
0.197580 -0.376559 0.274037 -2.279287 -0.568792 0.319149
0.194745 -0.372376 0.275907 -2.274330 -0.571569 0.321722
0.192559 -0.369576 0.277265 -2.270929 -0.575150 0.323115
0.189357 -0.365588 0.279103 -2.267153 -0.581408 0.322176
0.187211 -0.362984 0.280257 -2.264763 -0.584784 0.322832
0.184876 -0.359736 0.281564 -2.262406 -0.588249 0.325206
0.181657 -0.355780 0.283048 -2.259892 -0.595092 0.323813
0.179482 -0.352780 0.284103 -2.260963 -0.597476 0.325438
0.176867 -0.349369 0.285284 -2.259820 -0.603039 0.324320
0.174068 -0.345457 0.286627 -2.261742 -0.609973 0.323826
0.172335 -0.342565 0.287522 -2.262454 -0.611600 0.324097
0.170236 -0.338442 0.288745 -2.263169 -0.610704 0.326016
0.168494 -0.335256 0.289878 -2.264999 -0.608374 0.325058
0.167015 -0.332728 0.290787 -2.266247 -0.608193 0.323850
0.165366 -0.329465 0.292214 -2.265312 -0.609569 0.323627
0.164253 -0.327174 0.293450 -2.262821 -0.610141 0.322831
0.163108 -0.324793 0.294835 -2.260083 -0.609940 0.322369
0.161945 -0.322754 0.295937 -2.258928 -0.610529 0.319960
0.161119 -0.321045 0.297060 -2.257181 -0.612157 0.319308
0.160215 -0.319328 0.298328 -2.253813 -0.612053 0.320454
0.159155 -0.317952 0.299520 -2.251447 -0.611153 0.316253
0.158281 -0.316638 0.300969 -2.248774 -0.609698 0.313411
0.157695 -0.315859 0.301847 -2.244870 -0.605671 0.314069
0.157015 -0.315044 0.302782 -2.244053 -0.599881 0.312705
0.156415 -0.314217 0.303476 -2.246471 -0.594096 0.310488
0.155819 -0.312925 0.304086 -2.248340 -0.585089 0.310282
0.155356 -0.311874 0.304307 -2.250868 -0.580931 0.311167
0.154902 -0.310814 0.304468 -2.255475 -0.579881 0.310734
0.154693 -0.310164 0.304384 -2.258250 -0.582181 0.313517
0.154460 -0.309492 0.304359 -2.258683 -0.580864 0.315971
0.154238 -0.308901 0.304410 -2.259197 -0.581997 0.317336
0.154133 -0.308629 0.304332 -2.260559 -0.584391 0.318251
0.154199 -0.308751 0.304347 -2.257868 -0.586494 0.320053
0.154285 -0.308793 0.304433 -2.256690 -0.587517 0.321487
0.154176 -0.309006 0.304449 -2.255801 -0.589763 0.321314
0.154140 -0.309132 0.304398 -2.254895 -0.591645 0.320799
0.154348 -0.309174 0.304218 -2.255066 -0.593175 0.322957
0.154598 -0.309125 0.304122 -2.256225 -0.594202 0.324224
0.154728 -0.309340 0.303802 -2.253567 -0.598642 0.327970
0.154846 -0.309505 0.303538 -2.250419 -0.600942 0.328028
0.154852 -0.309758 0.303288 -2.251663 -0.602253 0.328396
0.154600 -0.310351 0.302904 -2.251818 -0.603361 0.323453
0.154982 -0.310416 0.302747 -2.253504 -0.602029 0.324234
0.155493 -0.310449 0.302580 -2.255582 -0.600348 0.327812
0.155699 -0.310664 0.302331 -2.256679 -0.601580 0.325731
0.156095 -0.310835 0.301909 -2.258302 -0.602829 0.326727
0.156514 -0.310878 0.301488 -2.260538 -0.602269 0.328428
0.156712 -0.310894 0.301200 -2.262366 -0.601824 0.326436
0.156888 -0.310909 0.301253 -2.262407 -0.601313 0.324089
0.157683 -0.311111 0.301638 -2.260472 -0.596942 0.323807
0.158480 -0.311473 0.302472 -2.256421 -0.593287 0.324921
0.159157 -0.312581 0.304316 -2.243066 -0.589096 0.321956
0.159991 -0.313827 0.306282 -2.231196 -0.586288 0.321804
0.160991 -0.315389 0.308854 -2.215000 -0.580194 0.322238
0.162136 -0.318083 0.311981 -2.193099 -0.572773 0.317292
0.163396 -0.321027 0.314960 -2.170578 -0.566452 0.313456
0.164704 -0.323994 0.317806 -2.148810 -0.559974 0.309444
0.166143 -0.327186 0.320985 -2.124671 -0.551533 0.306121
0.167354 -0.330041 0.323653 -2.103624 -0.543615 0.301719
0.168646 -0.332845 0.326144 -2.083751 -0.537095 0.298564
0.170144 -0.336034 0.328711 -2.061908 -0.530760 0.297902
0.171424 -0.338850 0.330878 -2.043126 -0.525101 0.299094
0.172581 -0.341835 0.333070 -2.023558 -0.519058 0.297192
0.173934 -0.345244 0.335464 -2.001730 -0.513016 0.295478
0.175120 -0.348348 0.337321 -1.981160 -0.508465 0.294735
0.176409 -0.351606 0.339365 -1.959225 -0.504263 0.294962
0.177569 -0.354247 0.341242 -1.940755 -0.500092 0.296395
0.178798 -0.356525 0.342991 -1.924162 -0.495276 0.298340
0.180041 -0.358930 0.344524 -1.907223 -0.491192 0.300255
0.181320 -0.361414 0.345872 -1.891556 -0.487128 0.300472
0.182563 -0.363462 0.346946 -1.878796 -0.483682 0.301158
0.183506 -0.364859 0.347660 -1.870605 -0.480023 0.302726
0.184255 -0.366524 0.348341 -1.861474 -0.477727 0.302347
0.184710 -0.367626 0.348862 -1.854427 -0.476409 0.300590
0.185192 -0.368443 0.349244 -1.850547 -0.475413 0.302232
0.185545 -0.369053 0.349520 -1.846804 -0.473406 0.302097
0.185889 -0.369666 0.349783 -1.845145 -0.471802 0.302482
0.186286 -0.370443 0.349738 -1.843846 -0.469961 0.302199
0.186631 -0.370997 0.349731 -1.841938 -0.468847 0.302850
0.186805 -0.371267 0.349596 -1.840805 -0.468894 0.302335
0.186710 -0.371258 0.349198 -1.842247 -0.470485 0.301834
0.186617 -0.371236 0.348716 -1.845578 -0.472014 0.301368
0.186530 -0.371355 0.348025 -1.848378 -0.474694 0.300484
0.186395 -0.371337 0.347203 -1.852296 -0.476602 0.298943
0.186257 -0.370924 0.346230 -1.859222 -0.478205 0.300600
0.185818 -0.370594 0.345328 -1.865488 -0.481502 0.298598
0.185525 -0.369717 0.344074 -1.877081 -0.483341 0.298445
0.184972 -0.368607 0.343172 -1.885590 -0.484301 0.297643
0.184342 -0.367181 0.342239 -1.895326 -0.487500 0.296508
0.183554 -0.365718 0.341412 -1.904463 -0.490798 0.297007
0.182277 -0.364178 0.340385 -1.914071 -0.496018 0.295366
0.180987 -0.361705 0.339186 -1.928760 -0.498322 0.295439
0.179853 -0.359878 0.338185 -1.939796 -0.502922 0.295419
0.178600 -0.357763 0.336931 -1.953445 -0.509157 0.294370
0.177518 -0.354994 0.335503 -1.969119 -0.513954 0.297113
0.176485 -0.351962 0.333597 -1.989280 -0.518990 0.303142
0.175718 -0.350176 0.332390 -2.001054 -0.522721 0.305649
0.174646 -0.347538 0.330119 -2.020239 -0.528227 0.308107
0.173313 -0.345214 0.327968 -2.039059 -0.534930 0.308129
0.172316 -0.343241 0.326092 -2.055139 -0.539324 0.308100
0.171289 -0.340842 0.323913 -2.074029 -0.543924 0.309900
0.169948 -0.337744 0.321027 -2.097483 -0.550767 0.311557
0.168996 -0.335342 0.318621 -2.116336 -0.555424 0.314602
0.167645 -0.333066 0.316409 -2.133898 -0.562140 0.313443
0.166388 -0.330428 0.313617 -2.155178 -0.568036 0.314953
0.165456 -0.328020 0.311298 -2.172661 -0.573033 0.319949
0.164326 -0.325961 0.309094 -2.188913 -0.578272 0.320815
0.163155 -0.323969 0.307219 -2.203711 -0.583370 0.319462
0.162099 -0.322038 0.305450 -2.217134 -0.587247 0.319710
0.161107 -0.320407 0.303616 -2.230088 -0.591712 0.321167
0.159972 -0.318592 0.301433 -2.245166 -0.596502 0.322187
0.158948 -0.317181 0.299664 -2.256753 -0.601903 0.319175
0.158192 -0.315342 0.297242 -2.272647 -0.606032 0.320757
0.157274 -0.313958 0.294962 -2.285312 -0.609420 0.320716
0.156268 -0.312525 0.292573 -2.299883 -0.614815 0.317495
0.155294 -0.310744 0.290008 -2.317252 -0.619877 0.318413
0.153982 -0.309436 0.287560 -2.332161 -0.626478 0.314532
0.152835 -0.307623 0.284937 -2.351860 -0.635643 0.312655
0.151893 -0.306165 0.282648 -2.367954 -0.642502 0.311672
0.150674 -0.304913 0.280333 -2.381855 -0.651760 0.307988
0.149489 -0.303270 0.277510 -2.400059 -0.659349 0.305519
0.148646 -0.302282 0.275442 -2.412290 -0.664462 0.304898
0.147645 -0.301214 0.272932 -2.425931 -0.670866 0.301147
0.146922 -0.299943 0.270222 -2.441573 -0.676182 0.301652
0.146137 -0.298972 0.267918 -2.454832 -0.680759 0.300878
0.145009 -0.297753 0.264982 -2.472837 -0.688395 0.298062
0.144380 -0.296715 0.262706 -2.485903 -0.692705 0.299606
0.143965 -0.295823 0.260587 -2.497597 -0.695918 0.301278
0.143604 -0.294679 0.257840 -2.512524 -0.700538 0.307096
0.143253 -0.293798 0.255706 -2.525329 -0.704306 0.310822
0.142524 -0.292810 0.253048 -2.540934 -0.710216 0.311927
0.141538 -0.291542 0.250473 -2.555156 -0.716523 0.312855
0.141322 -0.290612 0.248236 -2.568428 -0.720079 0.316431
0.140934 -0.289743 0.245652 -2.578007 -0.720607 0.320558
0.140343 -0.289442 0.243983 -2.587047 -0.723088 0.316625
0.139781 -0.289057 0.241827 -2.599342 -0.724464 0.316053
0.139254 -0.288949 0.240638 -2.606372 -0.725744 0.313575
0.139050 -0.288910 0.239816 -2.608406 -0.727390 0.313351
0.139133 -0.288988 0.239341 -2.610697 -0.726311 0.313634
0.139188 -0.289080 0.239356 -2.609662 -0.726415 0.312934
0.140202 -0.287776 0.240685 -2.633646 -0.457748 0.324635
0.140156 -0.288829 0.240255 -2.634310 -0.519384 0.317302
0.140512 -0.289106 0.240173 -2.631036 -0.555211 0.317159
0.140798 -0.289234 0.240202 -2.627382 -0.584342 0.315179
0.140800 -0.289020 0.240135 -2.628221 -0.570555 0.316910
0.141814 -0.287914 0.240494 -2.635709 -0.472293 0.317361
0.143500 -0.287186 0.240716 -2.638686 -0.433416 0.315118
0.145628 -0.286899 0.241141 -2.640836 -0.406645 0.313101
0.141184 -0.289135 0.239929 -2.640239 -0.497603 0.310988
0.141155 -0.289543 0.239979 -2.634398 -0.551969 0.314290
0.141257 -0.289429 0.240415 -2.628576 -0.581601 0.315221
0.141150 -0.289106 0.241117 -2.622620 -0.601746 0.313867
0.140952 -0.289179 0.242284 -2.615396 -0.615874 0.312538
0.140326 -0.289729 0.244095 -2.603375 -0.628335 0.309903
0.139810 -0.290436 0.246182 -2.592716 -0.637596 0.306568
0.139813 -0.290799 0.248320 -2.582579 -0.642231 0.305004
0.140220 -0.291454 0.251050 -2.567842 -0.644628 0.305296
0.140648 -0.292633 0.253585 -2.553813 -0.646849 0.304311
0.141258 -0.293742 0.256321 -2.537452 -0.647698 0.303810
0.142088 -0.295074 0.259543 -2.518039 -0.647325 0.302276
0.142899 -0.296127 0.262449 -2.500702 -0.645684 0.300742
0.143792 -0.296871 0.265052 -2.486516 -0.642623 0.301608
0.144812 -0.298226 0.268166 -2.467572 -0.640157 0.301393
0.145446 -0.299223 0.271212 -2.450317 -0.637773 0.299920
0.145686 -0.300391 0.273988 -2.433297 -0.637993 0.294856
0.146199 -0.301996 0.277080 -2.414504 -0.636473 0.290068
0.146858 -0.303107 0.279761 -2.398717 -0.633332 0.288670
0.147594 -0.304869 0.282460 -2.380668 -0.631936 0.286501
0.148405 -0.306722 0.284610 -2.364692 -0.630171 0.285039
0.149153 -0.308176 0.286817 -2.350251 -0.628527 0.286240
0.149601 -0.309577 0.288951 -2.336529 -0.628458 0.284087
0.150253 -0.310959 0.291041 -2.323033 -0.627956 0.281262
0.151025 -0.312238 0.292950 -2.310951 -0.625052 0.282720
0.151450 -0.313406 0.294499 -2.297604 -0.620032 0.282095
0.151973 -0.314785 0.295882 -2.285364 -0.615553 0.281953
0.152470 -0.315965 0.297039 -2.275960 -0.611007 0.281862
0.153151 -0.317401 0.297804 -2.267229 -0.607876 0.283947
0.153855 -0.318215 0.298413 -2.260659 -0.605941 0.288018
0.154440 -0.319222 0.298645 -2.256649 -0.603262 0.292147
0.154440 -0.319222 0.298645 -2.256649 -0.603262 0.292147
0.154906 -0.319702 0.298495 -2.256306 -0.602011 0.293536
0.155610 -0.319406 0.298197 -2.258336 -0.599253 0.300866
0.156208 -0.319229 0.297491 -2.263456 -0.599067 0.306379
0.156747 -0.319072 0.297058 -2.266500 -0.598991 0.312372
0.157597 -0.318828 0.296410 -2.270079 -0.597557 0.322689
0.158831 -0.318135 0.295651 -2.276386 -0.595607 0.337553
0.159832 -0.317522 0.295133 -2.281251 -0.592707 0.351478
0.160737 -0.317289 0.294866 -2.283815 -0.590683 0.363403
0.161406 -0.317452 0.295021 -2.282259 -0.588121 0.370070
0.161904 -0.317219 0.294992 -2.282893 -0.584681 0.371141
0.162730 -0.316462 0.295093 -2.285271 -0.578252 0.379645
0.163397 -0.316016 0.295475 -2.285670 -0.573298 0.384826
0.164496 -0.315383 0.295621 -2.284909 -0.567937 0.393327
0.166827 -0.313934 0.295400 -2.289235 -0.556860 0.417115
0.169494 -0.312380 0.295054 -2.292818 -0.543397 0.442642
0.172360 -0.311054 0.294475 -2.297406 -0.528623 0.468942
0.175138 -0.309839 0.293894 -2.300713 -0.514756 0.493322
0.177982 -0.308602 0.293208 -2.304880 -0.501399 0.517779
0.180611 -0.307576 0.292455 -2.308000 -0.489638 0.538640
0.183434 -0.306485 0.291634 -2.311027 -0.476341 0.562456
0.186075 -0.305614 0.290926 -2.314001 -0.464661 0.583017
0.188905 -0.304372 0.290231 -2.314994 -0.450073 0.605272
0.191642 -0.303290 0.289424 -2.315302 -0.439002 0.629336
0.194827 -0.302469 0.288162 -2.311255 -0.426739 0.653170
0.197652 -0.301477 0.287089 -2.306985 -0.417033 0.679862
0.200101 -0.300490 0.285899 -2.307006 -0.408094 0.701166
0.203520 -0.299441 0.284299 -2.307442 -0.393965 0.730751
0.206406 -0.298628 0.282972 -2.305936 -0.381120 0.755318
0.209073 -0.297882 0.281642 -2.307869 -0.368328 0.773712
0.211941 -0.297086 0.280253 -2.306625 -0.355382 0.797825
0.214508 -0.296658 0.278726 -2.307680 -0.343416 0.816441
0.216850 -0.296421 0.277254 -2.309199 -0.333807 0.833919
0.219101 -0.296131 0.275740 -2.309073 -0.324664 0.850722
0.222075 -0.295639 0.273794 -2.309042 -0.311603 0.875427
0.223869 -0.295651 0.272792 -2.306860 -0.303265 0.890720
0.226142 -0.296436 0.271429 -2.304045 -0.297462 0.906611
0.228192 -0.297027 0.270180 -2.300017 -0.288771 0.920423
0.230085 -0.297077 0.268840 -2.300471 -0.280244 0.933631
0.231673 -0.297085 0.267739 -2.299485 -0.274608 0.945037
0.231684 -0.297128 0.267326 -2.302641 -0.274858 0.941070
0.231862 -0.297079 0.266782 -2.305572 -0.272705 0.943735
0.231935 -0.297131 0.266448 -2.306790 -0.269814 0.943686
0.232900 -0.297024 0.265680 -2.306239 -0.258220 0.952485
0.233596 -0.296920 0.265615 -2.307931 -0.252235 0.958948
0.233362 -0.296814 0.266149 -2.309937 -0.252662 0.953832
0.233217 -0.296848 0.266480 -2.312466 -0.252104 0.948696
0.232865 -0.297074 0.267020 -2.312771 -0.251705 0.945317
0.232043 -0.297164 0.267404 -2.315211 -0.253897 0.936551
0.230616 -0.297717 0.268313 -2.311357 -0.249372 0.914900
0.229405 -0.297342 0.269047 -2.316006 -0.256874 0.897993
0.228061 -0.297221 0.269694 -2.319450 -0.257634 0.878728
0.226575 -0.297210 0.270463 -2.324519 -0.261976 0.860337
0.226071 -0.297643 0.270660 -2.323636 -0.262975 0.856947
0.225425 -0.298298 0.270539 -2.322429 -0.264902 0.852453
0.224598 -0.298939 0.270481 -2.322305 -0.268842 0.843728
0.223332 -0.299635 0.270765 -2.323888 -0.273342 0.825164
0.222038 -0.300412 0.270927 -2.327283 -0.281023 0.803510
0.220365 -0.301450 0.271471 -2.328868 -0.290714 0.778757
0.218761 -0.302343 0.272160 -2.330430 -0.301635 0.755816
0.217566 -0.302614 0.272841 -2.332212 -0.307591 0.737749
0.216449 -0.302839 0.273742 -2.332804 -0.308689 0.723776
0.214229 -0.303314 0.274983 -2.333013 -0.322470 0.698420
0.212253 -0.304351 0.276337 -2.329805 -0.332692 0.677757
0.210285 -0.305187 0.277537 -2.327326 -0.343343 0.656033
0.208330 -0.306355 0.278883 -2.324423 -0.352345 0.634903
0.205939 -0.307697 0.280521 -2.317072 -0.365964 0.611283
0.203643 -0.309252 0.282244 -2.311186 -0.377232 0.586537
0.201166 -0.311517 0.284199 -2.302016 -0.386008 0.561488
0.198439 -0.313502 0.285843 -2.293409 -0.400327 0.533691
0.196647 -0.315104 0.287245 -2.286228 -0.410153 0.517923
0.193687 -0.317558 0.288917 -2.278338 -0.426084 0.491799
0.190738 -0.319819 0.289802 -2.272782 -0.441070 0.464895
0.187161 -0.322308 0.290510 -2.268693 -0.460328 0.430831
0.184440 -0.323942 0.290855 -2.267283 -0.473478 0.406435
0.181494 -0.325597 0.291134 -2.266326 -0.489041 0.378715
0.178565 -0.327278 0.291462 -2.264679 -0.501152 0.353696
0.175602 -0.329684 0.291515 -2.260673 -0.517318 0.323282
0.173119 -0.332137 0.291689 -2.255174 -0.526131 0.300525
0.169865 -0.335093 0.291551 -2.249293 -0.543971 0.266440
0.167945 -0.337274 0.291471 -2.243362 -0.550424 0.248199
0.165408 -0.339533 0.291213 -2.236328 -0.562122 0.221583
0.162913 -0.341655 0.290888 -2.231263 -0.572184 0.197969
0.160340 -0.343146 0.290561 -2.225646 -0.582929 0.176949
0.157479 -0.344871 0.290104 -2.218108 -0.600301 0.150589
0.155065 -0.346488 0.289927 -2.211226 -0.613843 0.130339
0.151976 -0.348366 0.289805 -2.201331 -0.633525 0.102197
0.149467 -0.350280 0.289731 -2.193324 -0.650116 0.078516
0.145698 -0.352767 0.289576 -2.181008 -0.672774 0.044529
0.143091 -0.354657 0.289244 -2.172893 -0.686753 0.019664
0.140705 -0.356412 0.288780 -2.165224 -0.698237 -0.001231
0.137783 -0.358226 0.288202 -2.156339 -0.710534 -0.027977
0.135313 -0.359766 0.287846 -2.148034 -0.718745 -0.046522
0.132771 -0.361262 0.287289 -2.138992 -0.731948 -0.069010
0.130884 -0.362572 0.286734 -2.133559 -0.736698 -0.084191
0.129188 -0.363713 0.286048 -2.129136 -0.743436 -0.096577
0.127297 -0.365087 0.285231 -2.119637 -0.749193 -0.110918
0.126178 -0.366562 0.284606 -2.110536 -0.755706 -0.121999
0.125038 -0.368250 0.283882 -2.101097 -0.760098 -0.136871
0.124243 -0.369728 0.283215 -2.094779 -0.766199 -0.148029
0.123265 -0.372157 0.282403 -2.085668 -0.772387 -0.160224
0.122387 -0.374010 0.281879 -2.077152 -0.778552 -0.171163
0.121972 -0.375461 0.281381 -2.073391 -0.781771 -0.178287
0.121298 -0.376159 0.280640 -2.071025 -0.785235 -0.185786
0.120614 -0.376338 0.279877 -2.071322 -0.787930 -0.195084
0.120273 -0.376654 0.279396 -2.069510 -0.791758 -0.198603
0.119898 -0.376736 0.278968 -2.069122 -0.795983 -0.201747
0.119870 -0.376556 0.278820 -2.070863 -0.796482 -0.200826
0.119654 -0.376443 0.278447 -2.071222 -0.798519 -0.203432
0.119590 -0.376127 0.278325 -2.073305 -0.798273 -0.204125
0.119960 -0.375831 0.278535 -2.074056 -0.796244 -0.200885
0.121110 -0.375026 0.279283 -2.077854 -0.789298 -0.191291
0.122222 -0.373930 0.279962 -2.082969 -0.782105 -0.179505
0.123560 -0.372149 0.280913 -2.090307 -0.775206 -0.163116
0.125605 -0.369997 0.282091 -2.100233 -0.767795 -0.138606
0.127540 -0.368297 0.282887 -2.108640 -0.760995 -0.117095
0.129572 -0.366234 0.283593 -2.118841 -0.750833 -0.094418
0.130639 -0.365072 0.283902 -2.124455 -0.745106 -0.084474
0.132149 -0.363817 0.284262 -2.130915 -0.739744 -0.069039
0.133401 -0.362663 0.284556 -2.139122 -0.733921 -0.054602
0.135464 -0.360922 0.284998 -2.153841 -0.724928 -0.037063
0.137519 -0.359401 0.285085 -2.166091 -0.715353 -0.019658
0.139629 -0.357686 0.285268 -2.178304 -0.705510 -0.001769
0.142254 -0.355708 0.285568 -2.192236 -0.691864 0.020330
0.144886 -0.353507 0.285918 -2.205322 -0.678274 0.045693
0.147673 -0.351004 0.286287 -2.217758 -0.665167 0.071139
0.150339 -0.349204 0.286583 -2.228370 -0.652582 0.096313
0.152379 -0.347827 0.286899 -2.234086 -0.643747 0.113502
0.155307 -0.346138 0.287177 -2.241665 -0.631254 0.139134
0.157702 -0.344431 0.287310 -2.248527 -0.623389 0.164199
0.160065 -0.343087 0.286958 -2.254739 -0.616147 0.185850
0.162235 -0.341793 0.286871 -2.259489 -0.606849 0.208712
0.164453 -0.340648 0.286505 -2.264275 -0.600331 0.232964
0.166456 -0.339858 0.285889 -2.267580 -0.594470 0.252792
0.168595 -0.338801 0.285316 -2.273985 -0.585095 0.272839
0.171214 -0.337565 0.284704 -2.280553 -0.571497 0.299595
0.172817 -0.336768 0.284155 -2.284525 -0.564438 0.313267
0.174127 -0.336068 0.283540 -2.290923 -0.556978 0.320534
0.175148 -0.335808 0.283367 -2.291534 -0.552317 0.326167
0.175730 -0.335572 0.283181 -2.292809 -0.551827 0.326855
0.176259 -0.335379 0.283066 -2.295406 -0.549498 0.329478
0.176360 -0.335405 0.283055 -2.295086 -0.548934 0.326393
0.176949 -0.335047 0.283184 -2.296566 -0.543078 0.324331
0.178110 -0.334126 0.283374 -2.298390 -0.532804 0.324825
0.179398 -0.333126 0.283437 -2.301401 -0.520180 0.320182
0.181265 -0.332069 0.283419 -2.304796 -0.502724 0.317939
0.183542 -0.330906 0.283278 -2.308108 -0.485752 0.314077
0.186324 -0.329680 0.282902 -2.313367 -0.460716 0.308534
0.188942 -0.328622 0.282180 -2.320463 -0.438439 0.296462
0.191165 -0.328080 0.281537 -2.324523 -0.424008 0.286317
0.194369 -0.327183 0.280556 -2.331878 -0.399955 0.276907
0.197177 -0.326318 0.279392 -2.339755 -0.378628 0.260486
0.199919 -0.325404 0.278812 -2.346133 -0.359449 0.249047
0.203171 -0.324460 0.277872 -2.351689 -0.334973 0.233466
0.207034 -0.323488 0.276862 -2.354751 -0.308151 0.218433
0.210631 -0.322555 0.276136 -2.356689 -0.286662 0.214617
0.214159 -0.321845 0.275601 -2.358850 -0.267745 0.215124
0.217571 -0.321445 0.275254 -2.358975 -0.249990 0.213853
0.221408 -0.321239 0.274905 -2.360087 -0.231259 0.205479
0.224758 -0.321046 0.274622 -2.360780 -0.214399 0.202479
0.227746 -0.320984 0.274330 -2.362380 -0.202212 0.199120
0.230193 -0.320730 0.274215 -2.364248 -0.195123 0.195246
0.233067 -0.320626 0.274265 -2.365199 -0.186799 0.186507
0.236837 -0.320559 0.274428 -2.363910 -0.171308 0.179043
0.239582 -0.320538 0.274521 -2.363720 -0.158237 0.176148
0.243307 -0.320518 0.274525 -2.363878 -0.141197 0.168995
0.246142 -0.320201 0.274607 -2.362198 -0.127043 0.163851
0.249110 -0.319648 0.274579 -2.362485 -0.114323 0.154975
0.251061 -0.319079 0.274532 -2.363655 -0.104939 0.150487
0.254168 -0.318163 0.274330 -2.366121 -0.091878 0.142998
0.256242 -0.317750 0.274135 -2.367117 -0.082368 0.138994
0.257831 -0.317742 0.273783 -2.368297 -0.073414 0.134290
0.258869 -0.318196 0.273535 -2.367133 -0.073095 0.128208
0.260088 -0.318466 0.273537 -2.366226 -0.070605 0.128642
0.260671 -0.318966 0.273399 -2.365100 -0.072623 0.127938
0.261283 -0.319615 0.273204 -2.364749 -0.075181 0.129406
0.261717 -0.319921 0.273165 -2.364757 -0.075971 0.140830
0.261310 -0.320293 0.273177 -2.363583 -0.081990 0.148075
0.260495 -0.320639 0.273017 -2.363245 -0.090912 0.153397
0.259440 -0.320615 0.272897 -2.363630 -0.098277 0.165168
0.257803 -0.320599 0.272995 -2.362706 -0.107964 0.171355
0.255290 -0.320856 0.273369 -2.361235 -0.123059 0.173298
0.252447 -0.321525 0.274078 -2.356667 -0.142862 0.169981
0.249830 -0.322052 0.275081 -2.350589 -0.161777 0.173055
0.246789 -0.322295 0.275897 -2.346715 -0.181512 0.175164
0.243556 -0.322830 0.276521 -2.341958 -0.203947 0.180733
0.240627 -0.323281 0.277246 -2.337672 -0.224217 0.194372
0.237521 -0.323738 0.277524 -2.336153 -0.243812 0.201591
0.233618 -0.324299 0.277881 -2.333993 -0.269901 0.215413
0.229538 -0.325145 0.278418 -2.329250 -0.296180 0.222050
0.224148 -0.326494 0.278847 -2.323844 -0.332633 0.229692
0.219885 -0.327774 0.279261 -2.317577 -0.362130 0.234318
0.215021 -0.329918 0.279685 -2.307441 -0.397744 0.238993
0.210137 -0.332191 0.280209 -2.297901 -0.432305 0.247871
0.205642 -0.334262 0.280809 -2.289904 -0.464300 0.260729
0.201229 -0.336413 0.281456 -2.282305 -0.496182 0.275554
0.196503 -0.338994 0.282117 -2.272396 -0.529432 0.295054
0.191096 -0.341944 0.282483 -2.265470 -0.563764 0.312327
0.186357 -0.344467 0.282829 -2.258131 -0.592538 0.318614
0.182695 -0.346933 0.282885 -2.250705 -0.617294 0.327903
0.178829 -0.349408 0.282901 -2.244070 -0.646387 0.341222
0.174557 -0.351901 0.282825 -2.237608 -0.682138 0.367407
0.170994 -0.354101 0.282585 -2.232265 -0.711155 0.382537
0.167681 -0.356295 0.282700 -2.226971 -0.733709 0.396260
0.162346 -0.360080 0.282794 -2.218565 -0.766804 0.403080
0.157317 -0.363810 0.282780 -2.209723 -0.799868 0.404780
0.153430 -0.366806 0.282871 -2.203292 -0.829733 0.410249
0.149692 -0.369824 0.283069 -2.191075 -0.856191 0.414983
0.145728 -0.373318 0.283244 -2.179357 -0.882443 0.418200
0.142614 -0.376383 0.283500 -2.169634 -0.903746 0.423712
0.139444 -0.379596 0.283888 -2.158185 -0.925595 0.424904
0.136457 -0.382932 0.284014 -2.147948 -0.949559 0.429825
0.133479 -0.385920 0.284146 -2.137457 -0.970413 0.431237
0.131166 -0.388188 0.284201 -2.129043 -0.988649 0.434346
0.128440 -0.390926 0.284112 -2.121506 -1.008261 0.438359
0.126266 -0.393472 0.283897 -2.113418 -1.024650 0.439784
0.124362 -0.395669 0.283703 -2.106129 -1.036958 0.445367
0.122191 -0.398087 0.283627 -2.097918 -1.048932 0.450052
0.120641 -0.400219 0.283645 -2.091354 -1.059150 0.455736
0.119270 -0.402253 0.283767 -2.085544 -1.069054 0.460610
0.117721 -0.404573 0.283870 -2.072511 -1.081221 0.463103
0.116811 -0.406264 0.284006 -2.065113 -1.090081 0.467294
0.116281 -0.408235 0.283939 -2.056145 -1.097509 0.466269
0.116121 -0.409578 0.283689 -2.052352 -1.102521 0.464809
0.116426 -0.409878 0.283352 -2.053814 -1.099979 0.468413
0.116611 -0.410311 0.283002 -2.055608 -1.097213 0.468592
0.116894 -0.411083 0.282754 -2.057126 -1.093789 0.468099
0.116987 -0.411434 0.282709 -2.058153 -1.092630 0.467831
0.117436 -0.411290 0.282523 -2.059267 -1.086793 0.462990
0.118296 -0.410336 0.282489 -2.064600 -1.078696 0.464348
0.119016 -0.409322 0.282552 -2.068403 -1.070823 0.463982
0.119717 -0.408236 0.282864 -2.070098 -1.061144 0.455513
0.120230 -0.407286 0.283258 -2.071257 -1.049696 0.448508
0.120598 -0.406417 0.283681 -2.073117 -1.039068 0.437675
0.121550 -0.404717 0.284378 -2.075937 -1.022567 0.426287
0.122781 -0.403190 0.284782 -2.079097 -1.006936 0.418776
0.124579 -0.400939 0.285324 -2.087027 -0.982127 0.405984
0.126064 -0.398895 0.285650 -2.093286 -0.964019 0.393469
0.127693 -0.396933 0.285849 -2.099939 -0.947256 0.386081
0.130339 -0.393622 0.286356 -2.109918 -0.922512 0.379882
0.132404 -0.390791 0.286731 -2.118026 -0.902659 0.377305
0.135016 -0.387541 0.286982 -2.127669 -0.879328 0.375604
0.138326 -0.383862 0.286919 -2.138918 -0.853515 0.369749
0.140842 -0.381260 0.286685 -2.147248 -0.835747 0.366206
0.144860 -0.377397 0.286047 -2.161033 -0.808211 0.362790
0.148264 -0.374672 0.285655 -2.170885 -0.784339 0.358753
0.152022 -0.371963 0.285436 -2.180084 -0.756967 0.357332
0.155022 -0.369534 0.285276 -2.192812 -0.734515 0.349936
0.158715 -0.366869 0.285074 -2.206431 -0.707327 0.350089
0.160655 -0.365333 0.284970 -2.213359 -0.692145 0.344470
0.164356 -0.362657 0.284461 -2.226016 -0.665413 0.337826
0.166942 -0.360732 0.284056 -2.236224 -0.643541 0.332476
0.169397 -0.358991 0.283727 -2.244998 -0.622477 0.323800
0.172037 -0.357319 0.283523 -2.251795 -0.602444 0.323227
0.174985 -0.355468 0.283454 -2.258754 -0.578187 0.322994
0.177696 -0.353935 0.283343 -2.263286 -0.557669 0.323169
0.179925 -0.352700 0.283294 -2.266449 -0.546307 0.319988
0.182293 -0.351533 0.283330 -2.266995 -0.538021 0.321781
0.183747 -0.350601 0.283364 -2.267118 -0.535974 0.319117
0.185118 -0.349931 0.283334 -2.267266 -0.532203 0.316043
0.185543 -0.349517 0.283339 -2.267485 -0.531171 0.313441
0.186084 -0.349073 0.283298 -2.268786 -0.526659 0.312979
0.186458 -0.348707 0.283158 -2.270390 -0.523463 0.313529
0.186580 -0.348797 0.282971 -2.270510 -0.522531 0.309300
0.187158 -0.348574 0.282941 -2.271248 -0.517486 0.310371
0.187853 -0.348029 0.282970 -2.274170 -0.510726 0.310174
0.188796 -0.347770 0.282807 -2.275475 -0.503311 0.310755
0.189381 -0.347448 0.282766 -2.277341 -0.498830 0.309782
0.189756 -0.347203 0.282686 -2.278388 -0.496931 0.308541
0.189858 -0.347318 0.282183 -2.280573 -0.495907 0.308970
0.189756 -0.347506 0.281722 -2.282543 -0.497656 0.308776
0.189731 -0.347836 0.281251 -2.284592 -0.498614 0.308945
0.189866 -0.348234 0.280869 -2.285931 -0.498615 0.309641
0.189912 -0.348610 0.280590 -2.286538 -0.499332 0.308715
0.189935 -0.348857 0.280268 -2.287558 -0.500208 0.308514
0.189982 -0.349213 0.280085 -2.287730 -0.499881 0.311077
0.189912 -0.349449 0.280091 -2.287302 -0.500430 0.310321
0.189910 -0.349392 0.280089 -2.287615 -0.499945 0.311108
0.189972 -0.349160 0.280151 -2.288408 -0.498971 0.311846
0.189960 -0.349083 0.280226 -2.287650 -0.498691 0.311687
0.189997 -0.348793 0.280462 -2.287126 -0.498783 0.311159
0.189929 -0.348642 0.280610 -2.286755 -0.498280 0.310908
0.189795 -0.348631 0.280607 -2.286201 -0.499179 0.309544
0.190015 -0.348572 0.280466 -2.286769 -0.497909 0.310045
0.190073 -0.348589 0.280228 -2.287339 -0.497876 0.308583
0.190263 -0.348454 0.279843 -2.289292 -0.497185 0.307718
0.190506 -0.347977 0.278976 -2.294985 -0.496001 0.304413
0.190670 -0.347220 0.277840 -2.303424 -0.494522 0.299709
0.191330 -0.345972 0.275400 -2.317189 -0.491159 0.295536
0.192557 -0.344140 0.272007 -2.337990 -0.485557 0.297695
0.193105 -0.342641 0.269187 -2.356076 -0.483650 0.297870
0.192846 -0.340678 0.265209 -2.380246 -0.491086 0.297340
0.192352 -0.339232 0.262494 -2.397307 -0.496328 0.298354
0.191252 -0.337049 0.258515 -2.421071 -0.504042 0.300827
0.191252 -0.337049 0.258515 -2.421071 -0.504042 0.300827
0.190317 -0.335359 0.255540 -2.435288 -0.510559 0.303392
0.188916 -0.333036 0.250788 -2.456341 -0.519128 0.305549
0.188460 -0.331158 0.246857 -2.476300 -0.524201 0.309718
0.188045 -0.329369 0.242893 -2.496302 -0.529917 0.315236
0.187188 -0.327578 0.238300 -2.519204 -0.537372 0.315542
0.186563 -0.326080 0.234362 -2.540719 -0.543183 0.315620
0.185842 -0.324694 0.230438 -2.561255 -0.549771 0.314627
0.184927 -0.323261 0.225967 -2.584464 -0.558699 0.311043
0.184138 -0.322161 0.221995 -2.604796 -0.565761 0.310154
0.183526 -0.321177 0.218170 -2.623537 -0.570982 0.308560
0.182824 -0.320009 0.213690 -2.648991 -0.579970 0.308251
0.182179 -0.319318 0.210768 -2.665523 -0.585588 0.305303
0.181741 -0.318668 0.207583 -2.683235 -0.590321 0.300109
0.181624 -0.318046 0.204154 -2.702709 -0.593465 0.300001
0.181688 -0.317925 0.201434 -2.716042 -0.595403 0.301031
0.181343 -0.317456 0.198179 -2.734620 -0.598299 0.301350
0.181078 -0.316701 0.195828 -2.746531 -0.598544 0.303505
0.181131 -0.315859 0.193257 -2.762784 -0.597314 0.305320
0.181706 -0.314902 0.190779 -2.776680 -0.591027 0.310670
0.182291 -0.314330 0.188855 -2.788322 -0.587171 0.316613
0.182305 -0.314334 0.187631 -2.795890 -0.587094 0.313621
0.182322 -0.314390 0.186976 -2.801409 -0.586099 0.312568
0.182221 -0.314441 0.186234 -2.805588 -0.586066 0.312524
0.182132 -0.314406 0.185598 -2.810204 -0.586460 0.313254
0.181912 -0.314441 0.185520 -2.810524 -0.587164 0.314574
0.181663 -0.314498 0.185437 -2.810639 -0.588738 0.312238
0.181740 -0.314307 0.185448 -2.811161 -0.587624 0.316275
0.181686 -0.314377 0.185781 -2.809686 -0.587097 0.317665
0.181630 -0.314456 0.186198 -2.807470 -0.585713 0.319185
0.181714 -0.314331 0.186530 -2.806254 -0.584257 0.322465
0.181599 -0.314118 0.187086 -2.803855 -0.582975 0.323480
0.181630 -0.313911 0.187841 -2.800529 -0.579935 0.325535
0.181629 -0.313637 0.188892 -2.795173 -0.573158 0.326235
0.181606 -0.313053 0.190466 -2.788575 -0.571090 0.328080
0.181514 -0.312600 0.192706 -2.778498 -0.568599 0.330192
0.181208 -0.312431 0.195599 -2.763417 -0.565182 0.328858
0.181109 -0.312460 0.198549 -2.748194 -0.561587 0.328967
0.181159 -0.312737 0.201682 -2.730789 -0.557834 0.331721
0.180829 -0.313415 0.204964 -2.713250 -0.556906 0.328929
0.180726 -0.314498 0.208458 -2.695160 -0.555284 0.326445
0.181403 -0.315523 0.212094 -2.676420 -0.549432 0.331738
0.181804 -0.316236 0.214946 -2.661103 -0.545686 0.331890
0.182412 -0.317109 0.218735 -2.640631 -0.541381 0.330806
0.183300 -0.317861 0.222156 -2.619325 -0.533627 0.331134
0.184524 -0.318651 0.225705 -2.598212 -0.524110 0.334034
0.185334 -0.319862 0.230274 -2.572507 -0.516289 0.331099
0.186027 -0.321037 0.234688 -2.548395 -0.510248 0.325211
0.186708 -0.322012 0.238605 -2.527016 -0.505385 0.323218
0.187343 -0.323177 0.243335 -2.501655 -0.498826 0.319177
0.187852 -0.324259 0.247355 -2.480159 -0.493594 0.315986
0.188322 -0.325432 0.251086 -2.459641 -0.488653 0.312387
0.188873 -0.326960 0.255070 -2.437459 -0.483827 0.309947
0.189590 -0.328201 0.258447 -2.418220 -0.477627 0.308869
0.190528 -0.329795 0.262429 -2.396208 -0.470727 0.306674
0.191209 -0.330854 0.265012 -2.381296 -0.465154 0.304437
0.192305 -0.332112 0.267808 -2.365012 -0.457688 0.305116
0.193602 -0.333990 0.271219 -2.345719 -0.450158 0.307465
0.194169 -0.335614 0.273590 -2.333039 -0.446759 0.306326
0.195081 -0.337953 0.276754 -2.316230 -0.441787 0.305785
0.195811 -0.339567 0.279000 -2.304152 -0.437782 0.307824
0.196406 -0.341523 0.281473 -2.288803 -0.435005 0.307551
0.197033 -0.343895 0.284149 -2.271477 -0.432815 0.306757
0.197356 -0.345584 0.286098 -2.259420 -0.432062 0.307078
0.197615 -0.347255 0.287849 -2.248812 -0.431985 0.307262
0.197869 -0.348329 0.288919 -2.240478 -0.430276 0.307539